$ANSIBLE_VAULT;1.1;AES256
32363263303863623163393966663663623665313161636632666663643963343663663039353537
3339323738316334316137623666336336613763633438370a323732623866646231353439353664
65363431303230633865633235646636343461656666356165613832356438623537636166363362
3865343936303333640a333530643737363331346431633935663261633534643963333530353637
32653836633566336539366662366238303035346164616237366230383933613665313838306238
62353530306562306636316361633161663939366236346632303439396236313134306565333737
32666562343636623762376333326334376432333336623262343438373838353139633665376330
63383636633063613766326164623165643332653932666537303239336338613664366262376231
61633732616363393037306536643961396133643731343735396237653533376634666663306561
33626465656438613866656130313064346336653662376363303465306162646462333237636366
66626139653931376234613031633037616435623666666161633966383031396663313831643835
64636463663033343266663964373130643032316431323130326362363434643431623133393433
32653732316638376537356362643631333161396432353334313338623764333330386331393139
62643830313137383863653538353963366137633764313439663631303836643239353061623430
32396334626230666433613337646432393735373762383839656635326530323131666232623666
39626664643031346633613239343633653636376139393630616232323231313939653934346638
38323033346335633239313838643038613637396532306439626431323439666166303766356236
32356263636364336336343136316261323539313462363765326432616264393661373636383863
38333665396662383366666165656435663939656661313431376665623639636536323633356564
36376630643861306330633438636363333935643633353538646531343961373736386134623632
37616265623066313937303361333766326638653134376565333037616637343330333230313635
61633436353639663765633235616663623132333861343632376464346432653130653864313439
33356537373930633566623336633136376138316438336463323035366535646166626561653337
63633437396363616362366332613430643664633932663835643931633439396463326132636436
36323166633562643261656462386632653631326635366666623165306533623437336563313565
38373632663063616637393336363861313464313037313732346236353261333534363438316435
33316637393466616434373735616463653063323033313764666138623139663537636134326165
62393535303332366335616337623536333933326436376563393432393931373233366265313531
66656132633639633361663461306637363264613565656463383334366531376436326533343532
62643439626134316561303437303634613932656439306336396365643530306136313139323033
31333361353538313464653237356662393963663764313061633239346563653033616565323361
37316232366165663163386561656364393431626131643335636464633061363534653231323437
34623832366564323064306362396639366664643338313762663734333030346535643433373231
33383334383731356333396433623832623435613735633162393164613436363066366261646461
63663063323864653065626339663331366332383666633039346537396465343066323637616163
32356535646238376239653261633365636366313638303933343664643062653934323663623264
34376330646237343366373030313934373537643532356236346561616132633434323365323837
30363761643632353764653665373637333735393065363638383164353830656263653462313931
66313734306538363164346261336463373262383031646532333033303730306664646639353034
65653764613332613461306238636163613863373133366630636337376535613766616236316639
66323230613162343463633635373133316537383337623733643436363037656437646339336230
63386664373738396135653830333266633637306436323034346132346663383839396166656434
63346131356138373637366436326461663430633732366632396439333438316563663234303265
31316336353535613763393362663662383133623531616539636266613561373265326631353931
38666261343233316262316134653131353434653534313230393738646461383931633436326532
38636630333233326661336665343535363566646461663164626637376566383162343363613830
61373063366630336630373033663261353835383135656330656266653037383364663261633434
39633662383365656464663836633833363839383635316564316432653633396664386332343966
39326366323737623365306166353361306430343833303836663866383835373039393933656132
33303634646237633030346137346665623339326431373666633437346438643530653462363732
34363534333330643662613663343737313765333663333639653634643134336665613430313136
63343637656166346539663666613336383336303537336337323135626337383232366664386130
63636233383135336236666437663430326532323231326331663565383863306434326539353461
30313931633130333566303036393236346561336563653464346233636236663333626464316630
62313036643364653063363131376466333263303938613761353530386262663138333164643465
35643438363365343838663330656431333665326662383230356235303633656638383862303964
35303266386563313132333530353935616634633432623634623832336539366439623463663234
36613737663761316362396166373731346232643039326138333835386532313233323136626631
32356363313763316536353339666535643065366535643436383530393163363663303861323839
63343461353761666134343839633137626361613762656666646566383432646361643736386564
62623832376163653164346266363865313262333164346161333663313337663433383466333036
66326634386565343635393933323835646635643864343062396665623734313365393936666262
30333966313736616137346434623930653133353466366362303432633838316532333135313366
64373833393661636239613565666334626364383066336137363534623639373063343966343031
38323065643537303033653230303632653433396564373564366364633230333063336134373061
62643061306436356135633133363638346136666364393266323837623635336264636132663733
31343664383638336162333830346239646539363336333336316665313638636434623231356434
39303233356563383763383434303839363631633834333033633966306666306331653635326236
61656632346162646565643930303266613133653634613863303435333461313938393861313536
32643139643636393966376233346338346663343265373435623435626237616635613037663066
36646330313965353034303761643762633432656466326565613364386661376434323731316432
31333035343561393839653965323161313430313437366538316630353035373030613161323161
64393636343234323062386231343831656338633561353665343635303637313639666337323938
61326535303864386330626331336565363261363063313336653231663739656666616363383761
31336330633332336239353838666235376434613735643764313036613265636436333535313563
34396337323538363433383165623134663638333037376432633166663639656163613237346333
61326134643364316666363231636664653336343032353238663861613333393030376531363263
63363630343539336462386139666163616230343631316166626166616161383936373732343362
38666166613234663635626239353830376638396461323138313130656230626432396636313938
31336136626363313238623633663932643764623737306638653335643766346133353164353738
37353733653935346363653033306662623036396233636438386463663532663734343461393930
65646538373230326533313037303233303731323438373336393037353964383435343037343538
38303434383030353832353536383764383433643235313030646136343831393236303138383330
32326632386431653339653364346665663264323863616337396466343439656530333830346130
32333035643937366633623233386365663766383837313366376538373935323536373932373039
31353635316336663638346538656632633237346636353563366336393233343432366333366666
66316432373832343765363535313964303063383431663662643333333235656639646238393163
39666639626633633539
