$ANSIBLE_VAULT;1.1;AES256
31363935393463616436383034333436653161363461333737373365306464396432303764343133
6231363365636464373062643735343332366632396561640a313735336564343962616666616235
39626232343836306665303133616538623633666436366664663531373266356364313835666331
3937613338616465610a646330613234653132363961333133363661616438333634646265353434
64646464333330383237643965363939643838323739303464336336656238356430396162666235
62333733656261383565363639346631386633616363613363613864653130313132383365363362
38666539316633383432326130626437653263346565633962323635616664353863383932386339
37363739646334666138623736376332316464396434356530373162336339373961616133363732
64656361643131663661323634356238323932346463383232653861383336613661393863306435
38323263323132303737313731613232626162333635666133333437653736306231656538643634
33333961316135623232396535663139616366383835333038383736363134346330666333633866
34353635383435393964646635646232393438346130303933386332646634653333383761623564
30303665383365643338316638656464363537373636353061376534633932633336653330616564
34353361646562613562613164336164353037366436386339343933386239373131636663396630
63313066383839636365396333633966343761353733303163623832333333663064313631663562
32386665373438303734303530353061396335346335326138366135353562653733326565616437
39663135306437373437343231393530333063386133333439623930336664353831626434383336
61393661376534383865623262643038323061386630663536313132303433623665643234323636
38643133336532626434373230633330313938613838303935353836613630646539363734633439
33343238366364666139366565616632366263653439306666666331306439393530313238346537
63623535343431363131666537623031646335333964353732646363373431353930346431623537
62643636643531386538613164646163623531366332646336353064613336373062653066376535
62393761303132613633313237383165616431303933383334333566613337613961646361616232
32616432333463333734363632346165343232666663376461356538303737623537386239383830
35323738386534633235613632396231353365643332353762346636336534373739343331356264
66306262326430663539396439666139393037376637316562313437356134323961653138323334
35633537323562623435316665616364336630353137373066383661363137306166613163616431
34323638383337633064636134666532383432636566623762643533333938653338313534633434
32613135663737373262633464306633346332633631346261363937393233386662396631646630
31623662303666366235646364653836386132336337613139313530313163633130386639626137
33383135393566313064633663653939303162363366323434366633393365396365353363396333
63383132366136343764623662363461623062353662313831386539373763353338666563323762
31326133323338643263336366646261383937333162313233343765366238376663346132633763
66643864623831316638613538663263613537333135356634656565363932666463356461396666
39623934333730646137613837393438643238373330316361626366346537353064643862633039
63643730316130313133666162613365663831666137303063646434336666386235326364343232
30636665376339633038313335396138373239363833626261396565636137613835626637336264
36353562393261653564343738393565616334323261316564383965396536333763346633643639
61373663323539646338373964393734613433363966646339343063666538613135623533373161
65333363346230353538616432643231393134356563393433313731626532666465633266373032
65396363636235353039366334636239666333663431653865623938376538613932346231383932
66363063363965303033303033643639313562363935303134383462343534656331636532623530
31386433653064636664353138326564386336636664636434336130393566353238363334393936
33653136623662326332393135363763353436343862376634383835643765383964613033316438
65373561376362613762323861326436656231373061353165663063373866653936366464373733
37386135316563306363656261313737393439313631613339303937393565663663353562366237
36363039646466626435663030623434333935363632643937623832386233326566613433633936
32323331303534366632303666343761663665396566303662303538663438633363356437363031
37336536313330333163653334623331613965333164316231623733376633633164353631313432
39363434646564313766313436633939633631663335373531653837363331313430653633333562
66393263373865313764643335653063613664393738333934313030656139326432353435656436
36653465653362383363313562653136376565633861363635636463666565353466363032633461
38626533306462306461303761333538333930313738353338366165363364343863646566373766
62346464393330633731386565393034336463366538633431303438303036363161666432383631
61343961313637646661323831623766363934326337346334353836656364313964633436633963
61343239316331336262363030336630383366356566353531623030373865656331326563383837
32386335663362333835353032616232663962393337313136306461326533343063323833343635
64333363633165363839636463363733353639323535393331326239653233323462356536373039
30636636613762656231613832383265333438323834616566633163343462626637326433323363
39353038363962306231633863346366373233643066313265383065623131623332643934616165
39343432313361303138623430303633613635373931336465333734363330366235316432336236
65363133656532633239346533313835316237316137633535623166313663306539646630663564
39613162616564653266323337613438663462643438356433336364616665633666626435313038
63356530323263306665666136303333653061393331336562663233306332303162393437343463
61383436393031383963646164613164356633343763333334386538313433633963346562393334
64383130326362333637656236373132633365346431663565363139393065343064623432346665
38656231373865633635326634356164353431646464643432616334633938636435353463633062
33383137613934393862333266366136373665663765613765383334633631383662326439343531
34643562623739623937666362316539343433313639643265653237383037613431323531653561
39373361393464623131376439653133343836643837356666363331353539356235353036653039
33633762326561353365653333333761386562393163323762373166666437393939393363623535
65616239343836656263343836666333663531303637613932663833383065386664383363343532
37633336393861633061383562613936363637363364393633366335623563383766623438343338
61323632613237626333396239393061336666613535633863383065363339643837616565393931
66643863356664323565656335356134353439393531653865313030303136353639643366636464
62313862343936376165666134396664373061623034336533643762313161643335636330386531
64633538623464666666633736313261643232393034316562653132613439626562636661613563
64646539356264623334643232353865313632323035306632656637336437623339633166326339
65653331396439353836386431366434346537356362636136386134633938313139396538643530
39316533303939643631313036656239363365396462393964396665653633333262633637313331
65646331303063396535383136623464346239633764636336656561623431656666323066623139
35626562626437616234363666316536623664363632613637363736313461356336313533623333
63323965316634613130343062366635336637316362383361323465373665393234623464303635
61356462383938386237393765356131626630396133313763353034323236386537373239336339
32356261623363373038363132643831363763613364613033353437303962376434636233306335
34313835393436666638353364613066623865353239366263343934356435383639366538333230
32303136303737643865643139353066363837353938646462663666646234356664376236366336
32336337366363336333383738353535333734613034626332666462373630666630653166316464
37633936613030616665663733666336366533656563633862313562306564393563386564346130
34333865326364616263356262386135383635333131383738393035376230316436663536616134
39383265623935656135366361393537633564363865643232393839636666353666663564323137
63376137303031393265346533393037666361373365393062623435353561373631663732373137
3366
