$ANSIBLE_VAULT;1.1;AES256
61303736363736646636306539306637363965636665613565623231613634636136623330623933
3361323433346261323732386439666463316339386530390a353637303461383232633365633164
37633639613539643762613363663166643763366136353366613636323630613962323130306530
6134623562366639310a633039356331343161363730376265323930393637646338626533616131
30326439393363623632366537646332666439616633653235336362656538326237656662383135
39616539353461623465653863333233386237616534663835353732363364646361613764303438
32393763656139383833343532393962383565386330313732363131613236386464646166363238
31316537386562313936663934353333633363343531393866636230363961636631363331656635
64323661323532613434303566376532366362623437656636333739363534623830336335373763
34363833643735386662333339363336393339303463313364623830623731386362366534386566
34613462656336616661653032363734366161393138376235366362663338613463646531323562
34626163386161656139643431626131646363663036313331633462353466663033666135623832
65313936643434323364303264633935386532373961386435336234616239333338663334663739
35376566363037353438323466353566346137363332363132353532643237633033613331633766
30363932366363633333326261396364393336393839333464386338393866646436633134353631
37373265396439363666323165623735383837633666376263323764343066386132653431393263
35643239353161643161356239366363653366366431323135633433636166346664383131666564
31386632313635386634376333336537303864663333653234363966653363633830623831643234
64303964306532363837363434316162643266343061666133303031623164366139373666653466
38343833376461383163313739396262313264633231623732646436366163613338316635646238
36346664386463623639616533346165316163623838613534386164613139366138393634373364
37616538666165323236303562316531633633336436383338396430353264643432386666633361
35326365313235313732333031343030626432373230626563656331373935346234666136313731
32383838333630613933643837626538333563376632313430333737616662623232666534336166
37383436663564336165373837653139366366336466616466373166343432396436303862313039
30366366643231383233633765353632333337356164363962376264366438643761373765343231
38653562653839303566323637363030646561356431623037343966663135343931386430343466
36366331353438646531633665653764643031663265336433623235373038616161366263373230
37613862656239366361663538356564346634366363376166383266353966363534643534653764
35326437393337316535383032343662626164376562373034353838323032636564313130636238
64313835656261326433396636356439346234393833343461653331383235613630613262316630
39373735626137663431623431313236656432363038376466353961626631653439373835623265
38323263663635316163363331373439363233616633383731383438343434313135303937646232
39303539386339333036303033613733356531633566303333346338663833306533643137643665
30333662353837386130356130353962646166653934633931353861343735633132323439363936
62663135323934306139633934363035386431643039613266373265396430393666303635373837
61363264323233653832326334313036366336346537653861613031333935373239326432643531
66343939333535376131383032623161646435623433393063616563366230623033346438396561
61393436383866663965306561623933323865613139386462663066313462623735656332366130
31333936333431323732616462663236643231633032333037386136323463396433303936623134
35613830366635373964313935363930353461653463613961376238326266613061353861613164
63313039663535313339373335383861336530383862323032336163663031613261313163323039
62613136313034336336376532663266306435313130353131323561383336363763613936663662
30663730633863336339326163376135656164653232343930623165303466346233386333316439
32363163636130643135623030333761363136666361613763643331313531333630643730633237
37363837653234646235643462343639303531613230663639616561356336333163343337393066
34633664633164386535666631323531386665626632353033356136376265353930333233303037
37653738633833313531653637326332636534626335653033643534373362636164366266343931
32623434376135616132313436636664633336656432306339336461363562363836343632646134
38396365383136643065393934313239376161646438636338386235613261633866353738666163
33386137616234356365383738646239663631616265323564633539383530663935333431663231
31643066363337336164656366326231326134616135303263643062393936366330623239326230
36383464333233313061663364623135303634353366643836346437336166316331356362393730
36303464306335366431646438336637373438653763396265613633646661343139313139643265
63353739663830396134646266623238643030303864363736656366653662326334646566663931
37373631326536336136323137313736303736393664323033626330643634643264333363363336
66353536323239623262616563316361616565363237613930633036363735306631356533626432
35643165616632656430356536643334376466636462666466633431323031303739376261656134
30616636386330336135626366303131383339366565386535383733333739636664643031633361
35333633623464613161393836393064633638356161633666343231343765336136353161306633
64396538326263353738326435353765663733356266613838313730623934373434366365383065
35633264663161336365613462323139336134636430396639626265343532653463356665383966
30393664386237666662396532326437613133303662336630393431633430363632363835653739
31323131306662636363663164613536326236613939373863326135346135393465323332386232
61323663343237313935363736383130656433623566373739646539313534363130626431613764
31643364313434326631303631393630393930646261306631653932303563333865313736623332
35316237663635646333633038653334666235363065623235333461313864336261626639343437
65616338356437396363623831333132333939653339623131323239633238636131623437386666
63643061323063663431306330313630376362336533613464326137646561336633633864633737
38316163636635636461626631623737363039656635353533323062323836316237636165393463
36313634643061303735656134366239343533386164376239353133613438363166303537636465
31643465623731383565353764303530613133303066393161653761303035376631633738393962
32656365393337376435303532303563356337306162653934653665323839383161666639333434
66613132373362646230396432353233383738656535646233663832353439643637626637303835
34663139313038383537646566616132363066646166383731363536653039613736313931346538
65343063663935393035663136633564633433346238333339663462386533656230653463323064
35633239636330353466306266636166363965663933343065316433306661396266653463636464
32633037653865313435363865373066616666383361633032363332663533383134333634636132
33646537613635653664333033366139633634366438656162396137333763376363663639363430
35346162613735313030653561623233343631393239326161613161623335656338663338396332
37323363346461396263353632653763353232393337663339636439373635373235346232633636
64306535323264666436663032356339313033323739313661373831303364306534306263383233
64386564333839613036666663663762313161353666373838613130613665326161396566303639
39646539353739616462663830336431313137366136326564303765306130376362303437666132
31626465646562303162313565306237313365396163386562363639396663313265383862373732
65386135396631306430356332656361333431653232336330653661626631373337633561343464
63343162343739396637633936326237333136623065353336353565623433656264653336656139
39643036303237366234646166313939613036373732326461623631346132366565613066346337
63373635366261613537316462653834313030366438643564633638663833663062643763383763
33376530653739323233636361333834643434353335343865353562333832326137373532333266
39626562343638656130633861616637613134363535323661633534323066633934666664323733
30323732653331643732613236346534633362666234336561346533336362386239626463663532
6431
